010000000000000000000000
101000000000000000000000
010000000000000000000000
000011000000000000000000
000100000000000000000000
000100000000000000000000
000000010000000000000000
000000100100000000000000
000000000100000000000000
000000011000000000000000
000000000001000000000000
000000000010010000000000
000000000000010000000000
000000000001100000000000
000000000000000100100000
000000000000001000000000
000000000000000001000000
000000000000000010100000
000000000000001001000000
000000000000000000000010
000000000000000000000010
000000000000000000000010
000000000000000000011101
000000000000000000000010